function y=pressure(h)
y=101325.*(1+(-0.0065)*h/(288.15)).^(-9.80665/(-0.0065*287.05));